name: lab18
channels:
  - conda-forge
  - defaults
dependencies:
  - black=23.11.0=py312haa95532_0
  - bzip2=1.0.8=he774522_0
  - ca-certificates=2024.2.2=h56e8100_0
  - cffi=1.16.0=py312h2bbff1b_0
  - cfgv=3.3.1=pyhd8ed1ab_0
  - click=8.1.7=py312haa95532_0
  - colorama=0.4.6=py312haa95532_0
  - distlib=0.3.8=pyhd8ed1ab_0
  - expat=2.5.0=hd77b12b_0
  - filelock=3.13.1=pyhd8ed1ab_0
  - flake8=6.1.0=py312haa95532_0
  - identify=2.5.35=pyhd8ed1ab_0
  - libffi=3.4.4=hd77b12b_0
  - mccabe=0.7.0=pyhd3eb1b0_0
  - mypy_extensions=1.0.0=py312haa95532_0
  - nodeenv=1.8.0=pyhd8ed1ab_0
  - openssl=3.2.1=hcfcfb64_0
  - packaging=23.1=py312haa95532_0
  - pathspec=0.10.3=py312haa95532_0
  - pip=23.3.1=py312haa95532_0
  - platformdirs=3.10.0=py312haa95532_0
  - pre-commit=3.6.2=pyha770c72_0
  - pycodestyle=2.11.1=py312haa95532_0
  - pycparser=2.21=pyhd8ed1ab_0
  - pyflakes=3.1.0=py312haa95532_0
  - python=3.12.1=h1d929f7_0
  - pyyaml=6.0.1=py312h2bbff1b_0
  - setuptools=68.2.2=py312haa95532_0
  - sqlite=3.41.2=h2bbff1b_0
  - tk=8.6.12=h2bbff1b_0
  - tzdata=2024a=h04d1e81_0
  - ucrt=10.0.22621.0=h57928b3_0
  - ukkonen=1.0.1=py312h59b6b97_0
  - vc=14.2=h21ff451_1
  - vc14_runtime=14.38.33130=h82b7239_18
  - virtualenv=20.25.1=pyhd8ed1ab_0
  - vs2015_runtime=14.38.33130=hcb4865c_18
  - wheel=0.41.2=py312haa95532_0
  - xz=5.4.5=h8cc25b3_0
  - yaml=0.2.5=h8ffe710_2
  - zlib=1.2.13=h8cc25b3_0
prefix: D:\Miniconda\envs\lab18
